0 0.6020833333333333 0.05703125 0.6791666666666667 0.0734375 0.678125 0.08203125 0.6614583333333334 0.12109375 0.65625 0.1234375 0.63125 0.11796875 0.625 0.11953125 0.6239583333333333 0.12890625 0.6291666666666667 0.13203125 0.6333333333333333 0.13203125 0.6333333333333333 0.13359375 0.6229166666666667 0.13359375 0.5947916666666667 0.12734375 0.5947916666666667 0.125 0.6041666666666666 0.125 0.60625 0.1234375 0.6072916666666667 0.11328125 0.5770833333333333 0.10625 0.5697916666666667 0.10234375 0.5864583333333333 0.05625 0.5916666666666667 0.0546875 0.6010416666666667 0.05703125
0 0.9989583333333333 0.53203125 0.9989583333333333 0.61171875 0.9447916666666667 0.5921875 0.9010416666666666 0.57421875 0.8979166666666667 0.57109375 0.9041666666666667 0.55703125 0.9208333333333333 0.53828125 0.9958333333333333 0.43515625 0.9989583333333333 0.43515625 0.9989583333333333 0.509375 0.9958333333333333 0.51484375 0.9979166666666667 0.53203125
0 0.7458333333333333 0.0875 0.8416666666666667 0.10859375 0.8416666666666667 0.11328125 0.8197916666666667 0.15859375 0.8104166666666667 0.16015625 0.7822916666666667 0.15234375 0.7770833333333333 0.15625 0.7770833333333333 0.16328125 0.7885416666666667 0.1671875 0.7854166666666667 0.16953125 0.7739583333333333 0.16875 0.7625 0.1640625 0.74375 0.1609375 0.7458333333333333 0.159375 0.7552083333333334 0.159375 0.7583333333333333 0.15703125 0.759375 0.1484375 0.7479166666666667 0.14453125 0.7395833333333334 0.14453125 0.7208333333333333 0.1375 0.7375 0.09296875 0.7395833333333334 0.0890625 0.7447916666666666 0.0875
0 0.16770833333333332 0.07578125 0.25833333333333336 0.0953125 0.3302083333333333 0.11484375 0.35520833333333335 0.11875 0.3729166666666667 0.125 0.41041666666666665 0.13203125 0.42916666666666664 0.1390625 0.46145833333333336 0.14453125 0.5 0.15625 0.5104166666666666 0.15703125 0.54375 0.16640625 0.5645833333333333 0.16953125 0.5927083333333333 0.17890625 0.59375 0.1859375 0.584375 0.21640625 0.565625 0.26171875 0.5479166666666667 0.31875 0.51875 0.3984375 0.5145833333333333 0.40390625 0.503125 0.40546875 0.46041666666666664 0.3921875 0.45416666666666666 0.3921875 0.45625 0.40078125 0.453125 0.40390625 0.378125 0.43515625 0.3645833333333333 0.43984375 0.3572916666666667 0.43984375 0.19895833333333332 0.38125 0.19583333333333333 0.3765625 0.20208333333333334 0.37265625 0.2125 0.371875 0.246875 0.36171875 0.25416666666666665 0.36171875 0.278125 0.3515625 0.3072916666666667 0.3453125 0.296875 0.3375 0.17708333333333334 0.296875 0.14895833333333333 0.28359375 0.153125 0.2 0.15729166666666666 0.165625 0.16041666666666668 0.1578125 0.16145833333333334 0.12578125 0.159375 0.1109375 0.16354166666666667 0.07734375 0.16666666666666666 0.0765625
0 0.9875 0.25859375 0.9989583333333333 0.26640625 0.9989583333333333 0.371875 0.996875 0.37265625 0.9989583333333333 0.38515625 0.9958333333333333 0.38984375 0.9989583333333333 0.39296875 0.9989583333333333 0.4296875 0.996875 0.43046875 0.9989583333333333 0.4328125 0.9989583333333333 0.5109375 0.996875 0.51171875 0.996875 0.51796875 0.9989583333333333 0.51875 0.996875 0.51953125 0.996875 0.53046875 0.9989583333333333 0.53125 0.9989583333333333 0.61171875 0.9072916666666667 0.5765625 0.8979166666666667 0.5703125 0.9041666666666667 0.55703125 0.9208333333333333 0.53828125 0.9822916666666667 0.45390625 0.978125 0.44921875 0.9510416666666667 0.44296875 0.90625 0.42890625 0.9 0.425 0.9 0.41953125 0.9364583333333333 0.36328125 0.9479166666666666 0.34140625 0.95 0.32890625 0.9645833333333333 0.3109375 0.978125 0.28359375 0.984375 0.27890625 0.98125 0.27578125 0.98125 0.26328125 0.9864583333333333 0.259375
0 0.3489583333333333 0.08984375 0.42916666666666664 0.10859375 0.4583333333333333 0.11796875 0.47291666666666665 0.11875 0.5125 0.1296875 0.6489583333333333 0.1609375 0.6541666666666667 0.1671875 0.6541666666666667 0.1734375 0.6447916666666667 0.2078125 0.6333333333333333 0.2359375 0.6333333333333333 0.2421875 0.6083333333333333 0.3234375 0.5979166666666667 0.33125 0.5895833333333333 0.33125 0.5677083333333334 0.325 0.5552083333333333 0.3203125 0.5520833333333334 0.3171875 0.5697916666666667 0.26015625 0.5760416666666667 0.24921875 0.596875 0.190625 0.5979166666666667 0.178125 0.559375 0.165625 0.5395833333333333 0.16328125 0.4625 0.1421875 0.421875 0.134375 0.3260416666666667 0.11015625 0.31666666666666665 0.10546875 0.32083333333333336 0.09140625 0.33125 0.0875 0.34791666666666665 0.08984375
0 0.3375 0.00234375 0.39166666666666666 0.0140625 0.39895833333333336 0.0171875 0.39166666666666666 0.0609375 0.38333333333333336 0.0640625 0.371875 0.06015625 0.3697916666666667 0.06875 0.36666666666666664 0.0703125 0.3541666666666667 0.0671875 0.35104166666666664 0.05625 0.33958333333333335 0.0515625 0.33125 0.05078125 0.325 0.046875 0.32916666666666666 0.00390625 0.33645833333333336 0.00234375
0 0 0.034375 0.03125 0.03984375 0.05 0.04765625 0.04375 0.10703125 0.0375 0.13203125 0.0375 0.15390625 0.030208333333333334 0.19609375 0.029166666666666667 0.221875 0.026041666666666668 0.23203125 0.021875 0.2359375 0.004166666666666667 0.2359375 0.0020833333333333333 0.2375 0.00625 0.23984375 0.013541666666666667 0.2390625 0.017708333333333333 0.24453125 0.007291666666666667 0.2484375 0 0.2484375 0 0.03515625
0 0.12916666666666668 0 0.14583333333333334 0 0.14791666666666667 0.00234375 0.153125 0.00234375 0.15520833333333334 0 0.1875 0 0.18854166666666666 0.003125 0.1875 0.015625 0.18125 0.0171875 0.171875 0.01484375 0.16979166666666667 0.0171875 0.17083333333333334 0.02265625 0.16666666666666666 0.0234375 0.15625 0.02265625 0.14375 0.01875 0.146875 0.01640625 0.14583333333333334 0.009375 0.134375 0.00546875 0.12916666666666668 0.00078125
0 0.9885416666666667 0.25859375 0.9927083333333333 0.26015625 0.9989583333333333 0.25625 0.9989583333333333 0.3890625 0.996875 0.38984375 0.9989583333333333 0.390625 0.9989583333333333 0.4296875 0.996875 0.43046875 0.9989583333333333 0.43515625 0.990625 0.43984375 0.98125 0.45 0.9572916666666667 0.4453125 0.9052083333333333 0.42890625 0.9 0.425 0.8989583333333333 0.42109375 0.946875 0.34375 0.9510416666666667 0.3265625 0.9645833333333333 0.31015625 0.971875 0.29453125 0.98125 0.2828125 0.9833333333333333 0.2703125 0.9802083333333333 0.26484375 0.9833333333333333 0.26015625 0.9875 0.25859375
0 0 0.0109375 0.022916666666666665 0.01484375 0.084375 0.03046875 0.121875 0.03671875 0.14479166666666668 0.0453125 0.15 0.05 0.153125 0.07734375 0.15 0.1953125 0.14791666666666667 0.20078125 0.12916666666666668 0.19765625 0.10625 0.1890625 0.09791666666666667 0.18359375 0.09166666666666666 0.184375 0.06041666666666667 0.17421875 0.058333333333333334 0.184375 0.06145833333333333 0.20234375 0.071875 0.20625 0.065625 0.21484375 0.058333333333333334 0.21953125 0.053125 0.22109375 0.036458333333333336 0.2203125 0.03229166666666667 0.21328125 0.035416666666666666 0.20703125 0.034375 0.18828125 0.042708333333333334 0.153125 0.03958333333333333 0.1375 0.04583333333333333 0.125 0.04479166666666667 0.115625 0.046875 0.1109375 0.05 0.1125 0.05520833333333333 0.1078125 0.06354166666666666 0.109375 0.06354166666666666 0.1125 0.07083333333333333 0.1171875 0.071875 0.12109375 0.078125 0.1234375 0.07708333333333334 0.1265625 0.06875 0.12734375 0.059375 0.121875 0.052083333333333336 0.12890625 0.053125 0.13359375 0.059375 0.13671875 0.06875 0.13671875 0.071875 0.140625 0.071875 0.14765625 0.078125 0.15234375 0.08541666666666667 0.1484375 0.084375 0.14375 0.0875 0.13828125 0.08958333333333333 0.13828125 0.09166666666666666 0.14765625 0.08541666666666667 0.15 0.08541666666666667 0.15546875 0.09791666666666667 0.16484375 0.103125 0.1609375 0.10208333333333333 0.15546875 0.10833333333333334 0.15078125 0.10625 0.14765625 0.10833333333333334 0.13359375 0.11354166666666667 0.1328125 0.115625 0.1265625 0.11979166666666667 0.12421875 0.11458333333333333 0.1203125 0.1125 0.11484375 0.10833333333333334 0.11328125 0.10729166666666666 0.10859375 0.1125 0.10859375 0.11666666666666667 0.1046875 0.11666666666666667 0.0890625 0.12604166666666666 0.08671875 0.128125 0.084375 0.121875 0.08046875 0.1 0.0765625 0.09270833333333334 0.0734375 0.084375 0.0734375 0.08333333333333333 0.0703125 0.07291666666666667 0.06640625 0.06145833333333333 0.06328125 0.053125 0.06328125 0.052083333333333336 0.04765625 0.04791666666666667 0.04375 0.029166666666666667 0.03359375 0.01875 0.0328125 0.013541666666666667 0.034375 0 0.03046875 0 0.01171875
0 0.22083333333333333 0 0.2864583333333333 0 0.2833333333333333 0.03671875 0.275 0.03828125 0.26875 0.0359375 0.26458333333333334 0.03828125 0.2635416666666667 0.04453125 0.25833333333333336 0.04609375 0.24895833333333334 0.04296875 0.24895833333333334 0.0328125 0.24479166666666666 0.0296875 0.23645833333333333 0.0296875 0.21979166666666666 0.025 0.22083333333333333 0.00078125
0 0.9114583333333334 0.121875 0.9989583333333333 0.140625 0.9989583333333333 0.1875 0.99375 0.19609375 0.9875 0.20078125 0.95625 0.19453125 0.9458333333333333 0.190625 0.9375 0.2 0.9385416666666667 0.20390625 0.9489583333333333 0.20625 0.9458333333333333 0.20859375 0.9291666666666667 0.20390625 0.8979166666666667 0.19921875 0.9010416666666666 0.19609375 0.9166666666666666 0.196875 0.9208333333333333 0.19296875 0.921875 0.1875 0.9114583333333334 0.1828125 0.8791666666666667 0.175 0.8791666666666667 0.1703125 0.9041666666666667 0.1234375 0.9104166666666667 0.121875
0 0 0 0.09583333333333334 0 0.096875 0.00390625 0.09583333333333334 0.0265625 0.08854166666666667 0.02890625 0.03229166666666667 0.01640625 0.025 0.01328125 0.0020833333333333333 0.01015625 0 0.009375 0 0.00078125
0 0.44166666666666665 0.02421875 0.5197916666666667 0.04140625 0.5125 0.08125 0.5083333333333333 0.0890625 0.49375 0.08828125 0.48333333333333334 0.08515625 0.4791666666666667 0.0875 0.47708333333333336 0.0953125 0.47604166666666664 0.08984375 0.46458333333333335 0.07890625 0.43020833333333336 0.0703125 0.43645833333333334 0.03359375 0.440625 0.025